0983442702
0908757249
0984834999
0987158722
0908254005
0978614323
0902753262
0984654233
0905032949
0904449654
0986436910
0327935782
0982545858
0395601095
0976948495
0937393557
0975189886
0977248998
0978879198
0933155767
0385154486
0988766007
0982213712
0964071668
0362136786
0868158866
0901733366
0979932885
0973860338
0933204444
0933770239
0986312918
0937546854
0934227665
0948449993
0915610414
0912410414
0965168565
0962945547
0976555236
0365027978
0985342994
0975973499
0984208772
0942800204
0916704773
0914815 229
0975841704
0936890796
0974605516
0788629659
0922170666
0973554999
0936655386
0948130888
0968425678
0933286633
0965638710
0866133896
0944665268
0919940688
0932632317
0971656869
0936994885
0965741287
0936672586
0938216696
0983652925
0397262232
0905797725
0975277725
0365832760
0918177987
0903325192
0907756949
0969916818
0986385903
0982373534
0989415616
0978963998
0944578386
0358757180
0392996276
0984271119
0988044468
0934111173
0912239261
0915539698
0985643487
0933175007
0939428498
0969396715
0908678075
0913745306
0969366279
0366673377
0909892479
0903295295
0917984968
0976401689
0903444561
0977228077
0916567091
0372992761
0983618191
0909090920
0982791800
0826620666
0979111993
0944668078
0979140398
0981139168
0982634371
0989407399
0987303366
0352306758
0373625972
0326118639
0967018886
0987884199
0972016381
0947918715
0915922844
0907298981
0968692991
0798162163
0834099783
0969946521
0933699027
0988067227
0828766639
0972905950
0918307888
0909603766
0909527037
0909527039
0913443661
0981049638
0914729911
0799009906
0947887750
0968708676
0972351198
0987638031
0905529747
0971234122
0966569308
0933606099
0903048009
0913866262
0364057751
0982335435