https://trangvangvietnam.com/categories/62680/ca-phe-san-xuat-va-ban-buon.html
0919031379
0932773789
0372140203
0903640041
0909587675
0906632226
0966302647
0855855888
0934855511
0898920468
0933518156
0943630611
0903831819
0907272437
0913393682
0914674247
0981861739
0902177186
0908364688
0933595788
0393397304
0903066166
0338924510
0917881898
0357129999
0393397304
0906845949
0942568696
0908364688
0931931144
0962979656
0902177186
0564785400
0986485365
0939889468
0862257668
0339857021
0913270511
0913431947
0948368468
0908246945
0933883863
0832251983
0909265186
0832251983
0908246945
0948368468
0961741819
0981161368
0902873345
0772695666
0931363155
0987663605
0899602299
0901120050
0947457272
0368756768
0922110176
0903749224
0913431947
0984242020
0942012377
0345942899
0902655006
0902873345
0931363155
0987663605
0989911059
0908797633
0905046396
0933399390
0975710614
0975795794
0914294686
0936152567
0888771332
0986176552
0908038445
0983999955
0967898954
0912439838
0983003737
0909043898
0977492249
0987060797
0972007004
0912104901
0972007004
0983003737
0975795794
0932508081
0968077972
0987647393
0977492249
0943156555
0912104901
0888100164
0987353003
0908595898
0908038445
0936152567
0975710614
0979760236
0355449615
0898922447
0914294686
0917917217
0918522318
0931442377
0986176552
0842527529
0986695648
0348195955
0974430446
0983380365
0938790609
0987850763
0374974352
0356678678
0915255505
0901873973
0903002247
0937303787
0902189566
0983115453
0355115114
0818604176
0938777397
0927277777
0908693123
0979671407
0843246999
0983380365
0904909251
0938790609
0934102105
0987001346
0938826177
0909263693
0915255505
0974430446
0906822050
0903655133
0905511579
0906860078
0708519629
0866806608
0969799959
0702077933
0937303787
0944334343
0971755779
0976139367
0995749879
0983380365
0949045979
0937529008
0911222678
0906710293
0862461123
0985660569
0987150711
0986695648
0933717729
0915255505
0982163535
0938777397
0933459458
0971755779
0708519629
0968099119
0906860078
0987150711
0989352344
0901873973
0933459458
0866668912
0983115453
0906710293
0382194911
0949664789
0937303787
0902508089
0985601236
0961805499
0934102105
0866806608
0933061738
0356678678
0937529008
0949045979
0983757475
0906144155
0931472325
0938095395
0915450101
0909495980
0947457272
0904315000
0866460999
0888222955
0903514437
0911222678
0986514616
0938095395
0903833431
0931472325
0988787535
0888912696
0913052595
0945691774
0907816066
0962977781
0977335213
0913052595
0907816066
0916142459
0799780808
0776664572
0916142459
0989943253
0967789189
