0969845946
0934888139
0833236686
0989719168
0382881911
0899856458
0774450294
0978366669
0907704688
0986202399
0969229089
0979952993
0916929883
0936396998
0936183896
0965973214
0913408811
0966655979
0979524217
0968718479
0969229089
0986202399
0919096228
0979952993
0916929883
0902715805
0941987987
0906267582
0968718479
0966655979
0979524217
0965973214
0913408811
0934165258
0911474403
0975402599
0934605687
0967551476
0904499667
0909756125
0899466788
0921552266
0904481072
0903898380
0974088888
0909756125
0899466788
0901239859
0908002672
0965055239
0904499667
0967551476
0903168527
0838882000
0903692779
0798656786
0327607691
0989091731
0961653579
0363915085
0909295869
0327607691
0989091731
0916755399
0938962348
0966655979
0966697696
0941783770
0343535797
0944955588
0988688358
0984656665
0828558555
0855478992
0984429276
0961073179
0908372785
0979607279
0936561235
0967735628
0961073179
0908301703
0982109178
0931498984
0979999326
0937712255
0984429276
0944955588
0855478992
0989719168
0936561235
0967735628
0966655979
0984656665
0916755399
0966697696
0861369210
0941783770
0976434748
0905534188
0939821999
0976434748
0939821999
